2.081000000000000072e-01 1.663000000000000034e-01 5.292000000000000037e-01
2.116238095000000097e-01 1.897809524000000081e-01 5.776761904999999642e-01
2.122523809999999900e-01 2.137714286000000075e-01 6.269714285999999914e-01
2.081000000000000072e-01 2.386000000000000065e-01 6.770857142999999745e-01
1.959047619000000018e-01 2.644571428999999974e-01 7.278999999999999915e-01
1.707285714000000010e-01 2.919380952000000251e-01 7.792476189999999470e-01
1.252714286000000121e-01 3.242428571000000037e-01 8.302714286000000277e-01
5.913333330000000027e-02 3.598333333000000023e-01 8.683333332999999543e-01
1.169523809999999976e-02 3.875095237999999775e-01 8.819571429000000462e-01
5.957142900000000213e-03 4.086142857000000239e-01 8.828428570999999891e-01
1.651428569999999901e-02 4.265999999999999792e-01 8.786333333000000412e-01
3.285238099999999994e-02 4.430428571000000204e-01 8.719571429000000373e-01
4.981428570000000222e-02 4.585714285999999973e-01 8.640571429000000192e-01
6.293333330000000503e-02 4.736904761999999880e-01 8.554380952000000260e-01
7.226666669999999570e-02 4.886666666999999742e-01 8.467000000000000082e-01
7.794285709999999867e-02 5.039857143000000539e-01 8.383714286000000238e-01
7.934761899999999424e-02 5.200238095000000449e-01 8.311809524000000060e-01
7.494285709999999601e-02 5.375428571000000488e-01 8.262714286000000241e-01
6.405714290000000255e-02 5.569857142999999899e-01 8.239571428999999947e-01
4.877142859999999969e-02 5.772238094999999625e-01 8.228285713999999862e-01
3.434285709999999880e-02 5.965809523999999753e-01 8.198523810000000189e-01
2.649999999999999925e-02 6.137000000000000233e-01 8.135000000000000009e-01
2.389047619999999997e-02 6.286619047999999488e-01 8.037619047999999822e-01
2.309047620000000134e-02 6.417857142999999764e-01 7.912666667000000098e-01
2.277142860000000088e-02 6.534857143000000201e-01 7.767571428999999750e-01
2.666190480000000043e-02 6.641952381000000294e-01 7.607190475999999757e-01
3.837142860000000016e-02 6.742714286000000001e-01 7.435523809999999845e-01
5.897142860000000042e-02 6.837571429000000034e-01 7.253857142999999841e-01
8.429999999999999993e-02 6.928333332999999650e-01 7.061666666999999453e-01
1.132952381000000008e-01 7.015000000000000124e-01 6.858571428999999942e-01
1.452714286000000021e-01 7.097571429000000265e-01 6.646285713999999789e-01
1.801333333000000037e-01 7.176571429000000446e-01 6.424333332999999646e-01
2.178285714000000040e-01 7.250428571000000488e-01 6.192619047999999848e-01
2.586428571000000121e-01 7.317142856999999667e-01 5.954285714000000507e-01
3.021714286000000138e-01 7.376047619000000166e-01 5.711857142999999803e-01
3.481666667000000159e-01 7.424333333000000534e-01 5.472666667000000151e-01
3.952571429000000247e-01 7.459000000000000075e-01 5.244428571000000483e-01
4.420095238000000260e-01 7.480809524000000543e-01 5.033142857000000303e-01
4.871238095000000046e-01 7.490619048000000113e-01 4.839761905000000142e-01
5.300285714000000370e-01 7.491142857000000488e-01 4.661142857000000195e-01
5.708571429000000030e-01 7.485190475999999871e-01 4.493904761999999997e-01
6.098523810000000545e-01 7.473142857000000250e-01 4.336857143000000248e-01
6.472999999999999865e-01 7.456000000000000405e-01 4.188000000000000056e-01
6.834190476000000514e-01 7.434761905000000226e-01 4.044333332999999753e-01
7.184095238000000050e-01 7.411333332999999746e-01 3.904761904999999866e-01
7.524857142999999970e-01 7.383999999999999453e-01 3.768142856999999735e-01
7.858428571000000140e-01 7.355666667000000380e-01 3.632714286000000015e-01
8.185047618999999886e-01 7.327333333000000115e-01 3.497904761999999779e-01
8.506571429000000517e-01 7.298999999999999932e-01 3.360285713999999757e-01
8.824333332999999557e-01 7.274333333000000401e-01 3.216999999999999860e-01
9.139333333000000392e-01 7.257857143000000510e-01 3.062761904999999896e-01
9.449571428999999911e-01 7.261142857000000284e-01 2.886428570999999832e-01
9.738952381000000047e-01 7.313952380999999558e-01 2.666476190000000024e-01
9.937714286000000063e-01 7.454571428999999805e-01 2.403476190000000123e-01
9.990428570999999591e-01 7.653142857000000410e-01 2.164142856999999864e-01
9.955333333000000451e-01 7.860571428999999499e-01 1.966523809999999872e-01
9.879999999999999893e-01 8.065999999999999837e-01 1.793666667000000103e-01
9.788571429000000323e-01 8.271428571000000174e-01 1.633142857000000059e-01
9.697000000000000064e-01 8.481380952000000528e-01 1.474523809999999935e-01
9.625857142999999505e-01 8.705142857000000012e-01 1.308999999999999886e-01
9.588714285999999642e-01 8.949000000000000288e-01 1.132428570999999967e-01
9.598238095000000136e-01 9.218333332999999463e-01 9.483809519999999993e-02
9.660999999999999588e-01 9.514428570999999835e-01 7.553333330000000512e-02
9.762999999999999456e-01 9.830999999999999739e-01 5.380000000000000060e-02
